  2.0204344e+001
  2.4456083e+001
  2.4128928e+001
  7.0634570e+001
  6.9631877e+001
  7.3702461e+001
  7.2396732e+001
  7.1426288e+001
  6.7445384e+001
  6.6594496e+001
  6.9818034e+001
  6.8750262e+001
  6.7958588e+001
  6.4763526e+001
  6.4081300e+001
  6.3771748e+001
  6.3141038e+001
  6.2567896e+001
  6.1830135e+001
  6.1334461e+001
  6.0808542e+001
  6.0391843e+001
  6.0010056e+001
  5.9705972e+001
  5.9399260e+001
  6.1630687e+001
  6.1236922e+001
  6.1030189e+001
  5.9351147e+001
  5.9235589e+001
  6.2412644e+001
  6.2173954e+001
  6.2168166e+001
  6.0238311e+001
  6.0324998e+001
  6.4914065e+001
  6.4823066e+001
  6.5041910e+001
  6.2610233e+001
  6.2924717e+001
  6.8226134e+001
  6.8360829e+001
  6.8835922e+001
  6.6377763e+001
  6.6951102e+001
  7.2430717e+001
  7.2860613e+001
  7.3636060e+001
  7.1536563e+001
  7.2415253e+001
  7.9575814e+001
  8.0282306e+001
  8.1420580e+001
  7.8869328e+001
  8.0115946e+001
  8.1867771e+001
  8.3248516e+001
  8.4733368e+001
  8.6039933e+001
  8.7688295e+001
  8.1244198e+001
  8.3408480e+001
  8.5187743e+001
  9.2001074e+001
  9.4046802e+001
  9.6257293e+001
  9.8505280e+001
  1.0086488e+002
  1.0329412e+002
  1.0587318e+002
  1.0991865e+002
  1.1269266e+002
  1.1567131e+002
  1.1796469e+002
  1.2118828e+002
  1.2451569e+002
  1.2801738e+002
  1.3166428e+002
  1.3548156e+002
  1.3943350e+002
  1.3597549e+002
  1.4047120e+002
  1.4469506e+002
  1.5365103e+002
  1.5832828e+002
  1.6366970e+002
  1.6867535e+002
  1.7388777e+002
  1.7897987e+002
  1.8454826e+002
  1.9277272e+002
  1.9863920e+002
  2.0483293e+002
  2.0972009e+002
  2.1624687e+002
  2.3212695e+002
  2.3876756e+002
  2.4612057e+002
  2.4812682e+002
  2.5568615e+002
  2.8717987e+002
  2.9441347e+002
  3.0318356e+002
  2.9776986e+002
  3.0644019e+002
  3.2187520e+002
  3.3063876e+002
  3.3991379e+002
  3.4529867e+002
  3.5466276e+002
  3.9460842e+002
  4.0319801e+002
  4.1357840e+002
  4.0556938e+002
  4.1551365e+002
  4.1790958e+002
  4.2806511e+002
  4.3774640e+002
  4.5191838e+002
  4.6155693e+002
  4.7798114e+002
  4.8710621e+002
  4.9644787e+002
  5.0142236e+002
  5.1023942e+002
  5.0110969e+002
  5.1011434e+002
  5.1782822e+002
  5.3590518e+002
  5.4314428e+002
  5.5523715e+002
  5.6149388e+002
  5.6762261e+002
  5.7015201e+002
  5.7532974e+002
  5.4098788e+002
  5.4704319e+002
  5.5038243e+002
  5.7681374e+002
  5.7940212e+002
  4.4268590e+002
  4.5142681e+002
  4.5166450e+002
  5.3535664e+002
  5.3526220e+002
  4.5369877e+002
  4.5721467e+002
  4.5556925e+002
  5.0246093e+002
  5.0009557e+002
  4.9755196e+002
  4.9429429e+002
  4.9066027e+002
  4.8646229e+002
  4.8205948e+002
  4.9530976e+002
  4.8899095e+002
  4.8340630e+002
  4.6655079e+002
  4.6041401e+002
  5.0994210e+002
  4.9942951e+002
  4.9193292e+002
  4.5037131e+002
  4.4278750e+002
  4.4738790e+002
  4.3858993e+002
  4.3041564e+002
  4.1467854e+002
  4.0643515e+002
  4.1481796e+002
  4.0518676e+002
  3.9654202e+002
  3.7780837e+002
  3.6934105e+002
  3.3640727e+002
  3.2995600e+002
  3.2214576e+002
  3.2922834e+002
  3.2128691e+002
  3.0364893e+002
  2.9670498e+002
  2.8931396e+002
  2.8796788e+002
  2.8070615e+002
  2.6690082e+002
  2.6048649e+002
  2.5383105e+002
  2.5137320e+002
  2.4493300e+002
  2.4314416e+002
  2.3666691e+002
  2.3063373e+002
  2.2206288e+002
  2.1644087e+002
  2.2502675e+002
  2.1857184e+002
  2.1313198e+002
  1.9938435e+002
  1.9451484e+002
  1.5819999e+002
  1.5628054e+002
  1.5260599e+002
  1.6818058e+002
  1.6431291e+002
  1.3805441e+002
  1.3630988e+002
  1.3334241e+002
  1.4411795e+002
  1.4106792e+002
  1.2808600e+002
  1.2608496e+002
  1.2359736e+002
  1.2729013e+002
  1.2487954e+002
  1.2591149e+002
  1.2344695e+002
  1.2128031e+002
  1.1719939e+002
  1.1527137e+002
  1.2242469e+002
  1.1999229e+002
  1.1819378e+002
  1.1105369e+002
  1.0953738e+002
  1.0978202e+002
  1.0830009e+002
  1.0699414e+002
  1.0475374e+002
  1.0361992e+002
  1.1234096e+002
  1.1065312e+002
  1.0961985e+002
  1.0274561e+002
  1.0193504e+002
  9.6355948e+001
  9.6006833e+001
  9.5425274e+001
  9.7827184e+001
  9.7335716e+001
  9.4264698e+001
  9.4059520e+001
  9.3752412e+001
  9.5091772e+001
  9.4878810e+001
  8.4106453e+001
  8.4658483e+001
  8.4631318e+001
  9.1061615e+001
  9.1091894e+001
  8.4856272e+001
  8.5353999e+001
  8.5523936e+001
  8.9546844e+001
  8.9788261e+001
  8.9369007e+001
  8.9730235e+001
  9.0089398e+001
  9.0907707e+001
  9.1342932e+001
  8.3613659e+001
  8.4569514e+001
  8.5075662e+001
  9.0571272e+001
  9.1156091e+001
  9.2860804e+001
  9.3444763e+001
  9.4125147e+001
  9.4170604e+001
  9.4900960e+001
  1.0767889e+002
  1.0783676e+002
  1.0871875e+002
  1.0235393e+002
  1.0323110e+002
  1.1610853e+002
  1.1641602e+002
  1.1743813e+002
  1.1123198e+002
  1.1222586e+002
  1.1300716e+002
  1.1403101e+002
  1.1504720e+002
  1.1620254e+002
  1.1722582e+002
  1.1573612e+002
  1.1687874e+002
  1.1786926e+002
  1.2037023e+002
  1.2135554e+002
  1.2054251e+002
  1.2158412e+002
  1.2250488e+002
  1.2448373e+002
  1.2536711e+002
  1.2827464e+002
  1.2899288e+002
  1.2979612e+002
  1.2932646e+002
  1.3004699e+002
  1.4137388e+002
  1.4144937e+002
  1.4209704e+002
  1.3625864e+002
  1.3676255e+002
  1.3898625e+002
  1.3927930e+002
  1.3961716e+002
  1.3882049e+002
  1.3903072e+002
  1.3132232e+002
  1.3183988e+002
  1.3183619e+002
  1.3651705e+002
  1.3639711e+002
  1.2298641e+002
  1.2350053e+002
  1.2317866e+002
  1.3078935e+002
  1.3034345e+002
  1.5096432e+002
  1.4910971e+002
  1.4842577e+002
  1.3489393e+002
  1.3408965e+002
  1.4032485e+002
  1.3895206e+002
  1.3793872e+002
  1.3257095e+002
  1.3145795e+002
  1.3575669e+002
  1.3418200e+002
  1.3288689e+002
  1.2823905e+002
  1.2687722e+002
  1.3908838e+002
  1.3672707e+002
  1.3513730e+002
  1.2528194e+002
  1.2370314e+002
  1.4325081e+002
  1.4015560e+002
  1.3829445e+002
  1.2362456e+002
  1.2187225e+002
  1.3909017e+002
  1.3597495e+002
  1.3398139e+002
  1.2051321e+002
  1.1867368e+002
  1.4096058e+002
  1.3738816e+002
  1.3526095e+002
  1.1857145e+002
  1.1669393e+002
  1.1708841e+002
  1.1509769e+002
  1.1326566e+002
  1.1010825e+002
  1.0835866e+002
  1.0302822e+002
  1.0161830e+002
  1.0003061e+002
  1.0067645e+002
  9.9135714e+001
